2 2
1.0 0.0 0.0 1|X0Z1 2|X0Z0
0.1 0.0 0.0 1|X0Z0 2|X0Z0
0.0 1.0 0.0 1|X0Z0 2|X0Z0
1.0 0.0 0.0 1|X1Z0 2|X0Z0
0.0 0.0 0.0 1|X1Z1 2|X0Z0
0.0 1.0 0.0 1|X0Z0 2|X1Z0
1.0 0.0 0.0 1|X1Z1 2|X0Z1
0.0 1.0 0.0 1|X0Z0 2|X1Z1
0.5 0.0 0.0 1|X0Z0 2|X0Z0
1.0 0.0 0.0 1|X1Z0 2|X0Z0
0.0 1.0 0.0 1|X1Z1 2|X0Z0
1.0 0.0 0.0 1|X0Z0 2|X1Z0
1.0 0.0 0.0 1|X0Z0 2|X0Z1
1.0 0.0 0.0 1|X0Z0 2|X0Z0
0.0 0.0 0.0 1|X1Z1 2|X0Z1
1.0 0.0 0.0 1|X0Z0 2|X0Z0
1.0 0.0 0.0 1|X1Z1 2|X1Z1
1.0 0.0 0.0 1|X0Z0 2|X0Z0
1.0 0.0 0.0 1|X0Z1 2|X0Z0
0.0 0.0 0.0 1|X1Z0 2|X0Z1
0.0 1.0 0.0 1|X0Z1 2|X1Z1
1.0 0.0 0.0 1|X0Z0 2|X0Z0
0.0 1.0 0.0 1|X0Z0 2|X0Z0
1.0 0.0 0.0 1|X0Z0 2|X1Z1
1.0 0.0 0.0 1|X1Z1 2|X0Z0
1.0 0.0 0.0 1|X0Z0 2|X0Z1
1.0 0.0 0.0 1|X0Z0 2|X0Z0
1.0 0.0 0.0 1|X0Z0 2|X0Z0
1.0 0.0 0.0 1|X0Z0 2|X0Z0
0.0 0.5 0.0 1|X1Z1 2|X0Z0
1.0 0.0 0.0 1|X1Z0 2|X1Z0
0.0 1.0 0.0 1|X0Z1 2|X1Z1
0.0 1.0 0.0 1|X1Z0 2|X0Z1
1.0 0.0 0.0 1|X1Z1 2|X0Z0
0.0 0.0 0.0 1|X0Z0 2|X0Z0
0.0 1.0 0.0 1|X0Z0 2|X1Z1
0.0 1.0 0.0 1|X1Z1 2|X0Z0
1.0 0.0 0.0 1|X0Z0 2|X0Z1
1.0 0.0 0.0 1|X0Z0 2|X0Z0
1.0 0.0 0.0 1|X0Z1 2|X1Z0
0.0 0.0 0.0 1|X0Z0 2|X1Z0
1.0 0.0 0.0 1|X0Z0 2|X0Z0
0.0 0.7 0.0 1|X0Z0 2|X0Z0
1.0 0.0 0.0 1|X0Z1 2|X0Z0
0.0 1.0 0.0 1|X1Z1 2|X0Z0
0.0 1.0 0.0 1|X0Z0 2|X0Z0
1.0 0.0 0.0 1|X1Z0 2|X1Z0
0.7 0.0 0.0 1|X1Z1 2|X1Z0
0.7 0.0 0.0 1|X1Z0 2|X0Z0
1.0 0.0 0.0 1|X0Z0 2|X0Z0
1.0 0.0 0.0 1|X0Z1 2|X0Z0
0.0 0.6 0.0 1|X0Z0 2|X0Z0
0.0 1.0 0.0 1|X0Z0 2|X0Z0
0.6 0.0 0.0 1|X0Z1 2|X1Z1
0.3 0.0 0.0 1|X0Z0 2|X1Z0
1.0 0.0 0.0 1|X1Z0 2|X1Z0
1.0 0.0 0.0 1|X1Z0 2|X0Z0
1.0 0.0 0.0 1|X0Z1 2|X0Z0
0.0 1.0 0.0 1|X0Z0 2|X0Z0
1.0 0.0 0.0 1|X0Z1 2|X0Z0
0.0 1.0 0.0 1|X1Z0 2|X0Z0
0.0 0.9 0.0 1|X0Z0 2|X1Z1
1.0 0.0 0.0 1|X0Z0 2|X0Z1
1.0 0.0 0.0 1|X1Z1 2|X0Z0
0.0 0.4 0.0 1|X1Z1 2|X1Z0
0.2 0.0 0.0 1|X0Z0 2|X0Z0
0.0 1.0 0.0 1|X0Z0 2|X1Z0
0.0 1.0 0.0 1|X1Z1 2|X0Z0
1.0 0.0 0.0 1|X0Z0 2|X1Z0
0.7 0.0 0.0 1|X0Z1 2|X0Z0
0.0 1.0 0.0 1|X1Z0 2|X1Z0
1.0 0.0 0.0 1|X1Z1 2|X0Z0
0.0 1.0 0.0 1|X1Z1 2|X1Z1
1.0 0.0 0.0 1|X1Z1 2|X0Z1
1.0 0.0 0.0 1|X0Z1 2|X0Z0
1.0 0.0 0.0 1|X0Z0 2|X1Z0
1.0 0.0 0.0 1|X0Z0 2|X1Z1
0.3 0.0 0.0 1|X0Z0 2|X1Z0
0.0 1.0 0.0 1|X0Z0 2|X1Z0
0.0 1.0 0.0 1|X0Z1 2|X0Z0